version https://git-lfs.github.com/spec/v1
oid sha256:87229b2fe1bdb2ebc00be6ddfac3dc39e7df4b760b325b39d8f742d411cc14ef
size 154968
